camera 0 0 -30 0 0 1
plane 0 20 0 0 -1 0 0 255 251
plane 0 -20 0 0 1 0 0 255 251
plane 30 0 0 -1 0 0 255 216 0
plane -30 0 0 1 0 0 255 216 0
cylinder 15 0 10 0 -1 0 4 255 255 255
sphere 15 -20 10 8 255 255 255
sphere 15 20 10 8 255 255 255
cylinder -15 0 10 0 -1 0 4 255 255 255
sphere -15 -20 10 8 255 255 255
sphere -15 20 10 8 255 255 255
light -25 0 60 20 255 214 170
light 25 0 60 20 255 255 255
cylinder 15 0 110 0 -1 0 4 255 255 255
sphere 15 -20 110 8 255 255 255
sphere 15 20 110 8 255 255 255
cylinder -15 0 110 0 -1 0 4 255 255 255
sphere -15 -20 110 8 255 255 255
sphere -15 20 110 8 255 255 255
plane 0 0 205 0 0 1 255 5 5